      0/24     3.92G   0.06133  0.009411         0   0.07074        10       640    0.0119    0.6578   0.01016  0.002198   0.03493  0.006622         0
      1/24     3.88G   0.03682  0.006158         0   0.04298        11       640    0.3365    0.4106    0.3166    0.1346   0.02383  0.006575         0
      2/24     3.88G    0.0303  0.005774         0   0.03608         4       640    0.6073    0.6589    0.6512     0.372   0.02138  0.005914         0
      3/24     3.88G   0.02802  0.005042         0   0.03306        13       640    0.7177    0.7007    0.7633    0.5065   0.01805  0.004992         0
      4/24     3.88G   0.02487  0.004059         0   0.02893         9       640    0.7922    0.7795    0.8447    0.4452   0.01963  0.004049         0
      5/24     3.88G   0.02172  0.003314         0   0.02504         6       640    0.8647     0.905    0.9515    0.6365   0.01544  0.003632         0
      6/24     3.88G   0.02046  0.002859         0   0.02332        11       640    0.9024    0.8888    0.9578    0.6155   0.01557  0.003124         0
      7/24     3.88G   0.01945  0.002586         0   0.02204         4       640    0.8992    0.8974     0.955    0.6633   0.01439  0.003028         0
      8/24     3.88G    0.0183   0.00237         0   0.02067         5       640    0.9267    0.9483    0.9798    0.6909   0.01355  0.002952         0
      9/24     3.88G    0.0166   0.00227         0   0.01887        11       640    0.9005    0.9439    0.9765     0.679   0.01284  0.002647         0
     10/24     3.88G   0.01573   0.00219         0   0.01792         9       640    0.9286    0.9243    0.9775     0.726     0.013  0.002637         0
     11/24     3.88G   0.01515   0.00212         0   0.01727        11       640    0.9357    0.9428    0.9798    0.7177   0.01202  0.002595         0
     12/24     3.88G   0.01378   0.00201         0   0.01579         7       640    0.8991      0.97    0.9751    0.7167   0.01171  0.002538         0
     13/24     3.88G   0.01387  0.002036         0   0.01591         8       640    0.9113    0.9689    0.9796    0.7513   0.01123  0.002517         0
     14/24     3.88G   0.01267  0.001942         0   0.01461        11       640    0.9149    0.9672    0.9831    0.7476   0.01128  0.002352         0
     15/24     3.88G   0.01168  0.001836         0   0.01352        11       640    0.9307    0.9778    0.9846    0.7642   0.01081  0.002266         0
     16/24     3.88G   0.01116  0.001782         0   0.01295         5       640    0.9634    0.9528    0.9864    0.7661   0.01071  0.002296         0
     17/24     3.88G   0.01055  0.001796         0   0.01234         5       640    0.9255    0.9806    0.9852     0.774  0.009917  0.002269         0
     18/24     3.88G  0.009599  0.001732         0   0.01133         6       640    0.9392    0.9794    0.9868    0.7809  0.009589  0.002207         0
     19/24     3.88G  0.009345  0.001683         0   0.01103         7       640    0.9379    0.9578    0.9854    0.7786  0.009757  0.002174         0
     20/24     3.88G  0.009449  0.001689         0   0.01114        10       640    0.9094    0.9816    0.9843    0.7864  0.009551  0.002145         0
     21/24     3.88G  0.008885  0.001632         0   0.01052         9       640    0.9355    0.9755    0.9873     0.782  0.009434  0.002097         0
     22/24     3.88G  0.008331  0.001597         0  0.009928         5       640    0.9328    0.9739    0.9858    0.7819   0.00934  0.002081         0
     23/24     3.88G  0.008065  0.001532         0  0.009597        13       640    0.9484    0.9622    0.9871    0.7875  0.009222  0.002072         0
     24/24     3.88G   0.00806  0.001574         0  0.009634         7       640    0.9331    0.9766     0.986    0.7877  0.009449  0.002037         0
