      0/99     2.77G    0.1104   0.02243   0.06099    0.1938        16       448  0.002118    0.0982  0.001071 0.0001785    0.1032    0.0172   0.05976
      1/99     2.75G   0.09113   0.02396   0.05812    0.1732        28       448   0.04777    0.1039   0.02882  0.008912   0.08726   0.01821   0.05625
      2/99     2.75G   0.07585   0.02665   0.05379    0.1563        20       448    0.3983    0.2449    0.1522   0.05923   0.07666   0.01814   0.05199
      3/99     2.75G   0.06783    0.0268   0.04871    0.1434        15       448    0.6891    0.1862    0.1383   0.03033   0.06564   0.01883    0.0491
      4/99     2.75G   0.06176   0.02561   0.04482    0.1322        11       448    0.7302     0.231    0.1978   0.08329   0.05484   0.01767   0.04669
      5/99     2.75G   0.05738   0.02459   0.04082    0.1228        24       448    0.6827    0.2196    0.1978   0.07322   0.05325   0.01646   0.04162
      6/99     2.75G   0.05665    0.0227   0.03708    0.1164        17       448    0.7107    0.2164    0.2247   0.08086   0.05054   0.01567   0.03735
      7/99     2.75G   0.05574   0.02175   0.03469    0.1122        20       448    0.7315    0.2527    0.3022    0.1477   0.04931   0.01427    0.0349
      8/99     2.75G   0.05738   0.01971   0.03127    0.1084        19       448    0.3179    0.4176    0.3363     0.132   0.05308   0.01312   0.03165
      9/99     2.75G   0.05472   0.02013   0.02821    0.1031        38       448    0.3209    0.5773     0.411    0.1992    0.0453   0.01235   0.02921
     10/99     2.75G   0.05713   0.01741   0.02656    0.1011        13       448    0.3413    0.6517    0.4544    0.1985    0.0506   0.01211   0.02575
     11/99     2.75G   0.05694   0.01722   0.02499   0.09915        17       448    0.5396    0.5177    0.4538    0.1541   0.05052   0.01092   0.02341
     12/99     2.75G    0.0577   0.01644   0.02265    0.0968        11       448     0.636    0.4689    0.5555     0.231   0.04786   0.01061   0.02102
     13/99     2.75G     0.058    0.0158   0.02101    0.0948        31       448    0.4541    0.5059    0.4667     0.192   0.05616   0.01002   0.01934
     14/99     2.75G   0.05503   0.01537   0.01873   0.08912        17       448    0.5208    0.4802    0.5253    0.2271   0.05014   0.00951   0.01648
     15/99     2.75G   0.05696    0.0148   0.01687   0.08863        26       448    0.5647    0.5937    0.5781    0.2151   0.05347  0.009152   0.01517
     16/99     2.75G   0.06514   0.01427   0.01666   0.09607        19       448    0.4447    0.5315    0.4412    0.1564   0.06444  0.008727   0.01603
     17/99     2.75G   0.06286   0.01608   0.02011   0.09904         9       448    0.5333    0.6083    0.4765    0.1656   0.06436  0.009106   0.01521
     18/99     2.75G   0.05692   0.01453   0.01852   0.08998        17       448    0.4584    0.7129    0.5276    0.1992    0.0516   0.00902   0.01464
     19/99     2.75G    0.0558   0.01426   0.01497   0.08502        27       448    0.4278    0.7105    0.5586    0.2224   0.05164  0.009097   0.01254
     20/99     2.75G    0.0567   0.01447   0.01564   0.08681        20       448    0.5634    0.6802    0.6122    0.3045   0.03958  0.008943   0.01364
     21/99     2.75G   0.05363   0.01422   0.01522   0.08308        33       448    0.5334    0.5599    0.5228    0.2059   0.05151  0.008733   0.01269
     22/99     2.75G   0.05414   0.01416   0.01386   0.08217        29       448    0.6727    0.5912    0.5808    0.2481   0.04956   0.00815   0.01179
     23/99     2.75G   0.05347   0.01319   0.01331   0.07997        11       448    0.5639     0.646    0.6166    0.2002   0.05484  0.007869   0.01308
     24/99     2.75G   0.04753   0.01412   0.01291   0.07456        28       448    0.6265    0.6361     0.635    0.3024   0.04468  0.008373   0.01268
     25/99     2.75G   0.04589   0.01364    0.0113   0.07083        37       448    0.6775    0.5923    0.6788    0.3033   0.04304  0.008238    0.0104
     26/99     2.75G   0.04744   0.01307    0.0104   0.07091        24       448    0.5806    0.7472    0.6754    0.3287   0.04075  0.007902   0.01128
     27/99     2.75G   0.04434   0.01302   0.01017   0.06754        18       448    0.6176    0.6836      0.66    0.3027   0.04563  0.007516   0.01146
     28/99     2.75G   0.04136   0.01206  0.009963   0.06339        31       448    0.7251    0.7109    0.7766    0.3789   0.04391   0.00746   0.01213
     29/99     2.75G   0.04142   0.01224  0.009288   0.06295        32       448    0.8218    0.7191    0.7788    0.4611   0.03045  0.007598   0.01137
     30/99     2.75G   0.03924   0.01189  0.008951   0.06009        34       448    0.8104    0.6154    0.7174    0.3669    0.0353  0.007429   0.01069
     31/99     2.75G   0.03626    0.0114  0.008761   0.05643        30       448    0.7562    0.7431    0.7682    0.4493   0.03938   0.00725   0.01006
     32/99     2.75G   0.03654   0.01263  0.008631    0.0578        35       448    0.7911    0.6704    0.7658    0.4436   0.03271   0.00728  0.009268
     33/99     2.75G   0.04005   0.01221  0.009177   0.06144        26       448    0.7169    0.7244    0.7557    0.4041   0.03626  0.007138   0.01208
     34/99     2.75G    0.0384   0.01167  0.008969   0.05904        24       448     0.885    0.6383     0.779    0.4457   0.03193  0.006992   0.01008
     35/99     2.75G   0.03263   0.01122  0.008313   0.05216        34       448    0.7137     0.746    0.7646     0.422   0.03658  0.006792  0.008737
     36/99     2.75G   0.03579   0.01177  0.008407   0.05597        27       448    0.8217    0.7354    0.8129    0.4848   0.03475  0.006917  0.009341
     37/99     2.75G   0.03783   0.01173  0.008171   0.05773        27       448    0.8128    0.7477    0.7929    0.4799   0.03507  0.007153   0.01082
     38/99     2.75G   0.03385   0.01112  0.007688   0.05266        19       448    0.8206    0.7068    0.7941    0.4321   0.03434  0.007215   0.01104
     39/99     2.75G    0.0348   0.01095  0.007525   0.05327        13       448    0.8483    0.7038    0.7927    0.4526   0.03265  0.007246   0.01016
     40/99     2.75G   0.03551   0.01094  0.006735   0.05318        16       448    0.7925    0.7538    0.7937    0.5224   0.02727  0.007026   0.01004
     41/99     2.75G   0.03399    0.0107  0.006653   0.05134         8       448     0.881    0.6935    0.8082    0.4799   0.02955  0.006933   0.01028
     42/99     2.75G   0.03071   0.01105  0.006282   0.04804        29       448    0.7427    0.7324    0.7783    0.4894   0.03233  0.007003   0.01087
     43/99     2.75G   0.03453   0.01051  0.006453   0.05149        23       448    0.8657    0.7047    0.7815    0.4404   0.03551  0.007207   0.01185
     44/99     2.75G   0.03429   0.01034    0.0062   0.05083        17       448    0.7219    0.7808    0.7713    0.4726   0.03212  0.006983   0.01213
     45/99     2.75G   0.03099   0.01045  0.006087   0.04753        18       448    0.8919    0.7124     0.771    0.4896   0.02928  0.006923  0.009457
     46/99     2.75G   0.02775   0.01036  0.005874   0.04398        18       448    0.8901    0.7016    0.7962    0.5121   0.02955  0.006748  0.009598
     47/99     2.75G   0.02968   0.01012  0.005429   0.04524        26       448    0.6829    0.7844    0.7855    0.5051   0.02783  0.006789   0.01094
     48/99     2.75G      0.03  0.009965  0.005462   0.04543        20       448    0.8253    0.7132     0.774    0.4788   0.02822  0.006818  0.009832
     49/99     2.75G   0.02773   0.01016  0.005508    0.0434        20       448    0.8248    0.7677    0.7997    0.4918   0.03387  0.006692   0.01013
     50/99     2.75G   0.03142   0.01044  0.005634    0.0475        27       448    0.8281    0.7601    0.8002    0.4257   0.03144  0.006895  0.009996
     51/99     2.75G   0.03071   0.01047  0.005758   0.04694        18       448    0.7655    0.8044    0.8109    0.5341   0.02515  0.006837    0.0115
     52/99     2.75G   0.02776   0.01035  0.005482   0.04359        21       448    0.7697    0.8206    0.8167    0.5313     0.025  0.006522  0.009969
     53/99     2.75G   0.02602   0.00998  0.005838   0.04184        15       448    0.8751    0.6654    0.7922    0.5083   0.02585  0.006463  0.009144
     54/99     2.75G    0.0278  0.009741  0.005181   0.04272        21       448    0.8604    0.7103    0.7967    0.4976   0.02772  0.006551  0.009492
     55/99     2.75G   0.02642   0.01009  0.005021   0.04153        25       448    0.8493    0.7178    0.8183     0.534   0.02693  0.006511  0.009134
     56/99     2.75G   0.02587  0.009287  0.004638   0.03979        29       448    0.8661    0.7382    0.8171    0.5067   0.02906  0.006409  0.008173
     57/99     2.75G   0.02419  0.009251  0.004926   0.03837        35       448    0.8422    0.7766    0.8359    0.5693   0.02381  0.006347  0.007292
     58/99     2.75G   0.02712  0.009663  0.004567   0.04135        35       448    0.8945    0.7314    0.8328    0.5603   0.02549  0.006372  0.008228
     59/99     2.75G   0.02662  0.009766  0.004715    0.0411        22       448    0.8187    0.7664    0.8229    0.5477   0.02527  0.006417  0.008687
     60/99     2.75G    0.0244  0.008768  0.003587   0.03676        27       448    0.9181    0.7295    0.8276    0.5861   0.02377  0.006588  0.008886
     61/99     2.75G   0.02373  0.009177  0.004525   0.03743        18       448    0.9142    0.7335    0.8336      0.56   0.02723  0.006401  0.008782
     62/99     2.75G   0.02648  0.009125  0.004445   0.04006        21       448    0.8619    0.8114    0.8331    0.5694   0.02734  0.006582  0.008506
     63/99     2.75G   0.02321    0.0093  0.003942   0.03645        38       448    0.9131    0.7558    0.8315    0.5809   0.02568  0.006583  0.009068
     64/99     2.75G   0.02265    0.0095  0.004035   0.03618        47       448    0.8495    0.8021    0.8401    0.5854   0.02526  0.006377  0.008937
     65/99     2.75G   0.02446   0.00954  0.004132   0.03813        26       448    0.8877    0.7999    0.8453    0.5496   0.02552  0.006406  0.007597
     66/99     2.75G   0.02479  0.008825  0.004023   0.03764        28       448    0.8834    0.7971    0.8535    0.6044   0.02302  0.006326  0.007586
     67/99     2.75G   0.02166  0.009186  0.003525   0.03437        12       448    0.8935    0.7701    0.8456    0.5882   0.02267  0.006182  0.009647
     68/99     2.75G   0.02161  0.009005  0.003743   0.03436        18       448     0.856    0.8147    0.8446    0.5908   0.02199  0.006303  0.009335
     69/99     2.75G   0.02325  0.008654  0.003912   0.03581        25       448    0.8012    0.8323    0.8236    0.5712    0.0228  0.006244  0.009387
     70/99     2.75G   0.02322  0.008966  0.003292   0.03548        31       448    0.8837     0.809    0.8268    0.5876    0.0219  0.006112  0.008572
     71/99     2.75G   0.02075  0.008712  0.003274   0.03273        32       448    0.8853     0.808    0.8326    0.5941   0.02072  0.005988  0.007924
     72/99     2.75G   0.01973  0.008258  0.003557   0.03154        29       448    0.9086    0.8044    0.8349    0.5821   0.02224  0.006145  0.008151
     73/99     2.75G   0.02034  0.008786  0.003486   0.03261        13       448    0.9162    0.7656     0.841    0.5823   0.02108  0.006346   0.00854
     74/99     2.75G   0.01994  0.008275  0.003765   0.03198        18       448    0.9411     0.746    0.8361    0.5784   0.02095  0.006122  0.009117
     75/99     2.75G    0.0195  0.008127  0.003698   0.03132        17       448    0.8773     0.788    0.8326    0.6029   0.02006  0.006088  0.008919
     76/99     2.75G   0.01969  0.008434    0.0037   0.03183        20       448     0.888    0.7783    0.8459    0.6105   0.02088  0.006066  0.007938
     77/99     2.75G      0.02  0.007934  0.003147   0.03108        18       448    0.8094    0.7618    0.8291    0.5865   0.02054   0.00613  0.008565
     78/99     2.75G   0.01994  0.008263  0.003239   0.03144        21       448    0.8384    0.7731    0.8158    0.5811   0.02198  0.005969  0.009555
     79/99     2.75G   0.01951  0.007625   0.00322   0.03036        33       448    0.8015    0.7916    0.8186    0.6011   0.02142  0.006189  0.009167
     80/99     2.75G   0.01925  0.007774  0.002894   0.02992        11       448    0.7256    0.8013    0.8173    0.6001   0.01959  0.006199  0.009463
     81/99     2.75G   0.01858  0.008276  0.003195   0.03005        27       448    0.8595    0.7726    0.8152    0.6114   0.01898  0.006018  0.009903
     82/99     2.75G   0.01796  0.007467  0.003106   0.02853        15       448    0.8968    0.7583    0.8055    0.5861   0.02059  0.006097  0.009943
     83/99     2.75G   0.01814   0.00797  0.003102   0.02921        21       448    0.8933    0.7795     0.823    0.6124   0.02003  0.006082  0.009095
     84/99     2.75G   0.01838  0.008227  0.003228   0.02983        20       448    0.8316    0.8012    0.8224    0.6179   0.01946  0.005967  0.008183
     85/99     2.75G   0.01808  0.007589   0.00259   0.02826        17       448    0.7895     0.797    0.8053    0.6052   0.01982  0.005928  0.007754
     86/99     2.75G    0.0177  0.007699  0.002797   0.02819         9       448     0.906     0.746    0.8222    0.6152   0.02006  0.005897  0.008012
     87/99     2.75G   0.01751  0.007233  0.002831   0.02757        25       448    0.8785    0.7907    0.8289    0.6281   0.02059  0.005853  0.008757
     88/99     2.75G   0.01821  0.008029  0.003153   0.02939        17       448    0.8923     0.786    0.8252    0.6189   0.02014   0.00582  0.008783
     89/99     2.75G   0.01753  0.007821  0.002623   0.02798        36       448     0.896    0.7635     0.826     0.606   0.02053  0.005959  0.008268
     90/99     2.75G    0.0172  0.007112  0.002898   0.02721        31       448    0.8891    0.7271    0.8171    0.6023   0.01979  0.005947  0.008093
     91/99     2.75G    0.0174  0.007518  0.002883    0.0278        16       448    0.9129    0.7555    0.8125    0.5977   0.02027  0.006053  0.008409
     92/99     2.75G   0.01756  0.007722  0.002786   0.02807        15       448    0.9131    0.7473    0.8051    0.5949   0.01994  0.006193  0.008903
     93/99     2.75G   0.01671  0.007007  0.002957   0.02667        23       448    0.9267    0.7333    0.8151    0.6055   0.01975  0.006185  0.009235
     94/99     2.75G   0.01664   0.00775  0.002653   0.02704        27       448    0.8902    0.7378    0.8108     0.596   0.02075  0.006226  0.009157
     95/99     2.75G   0.01684  0.007402  0.002769   0.02701        33       448    0.9285    0.7516    0.8238    0.6085   0.02005  0.006171  0.009048
     96/99     2.75G   0.01688   0.00737  0.002463   0.02671        13       448    0.9013    0.7766    0.8109    0.6045   0.02057  0.006209  0.009237
     97/99     2.75G   0.01596  0.007512  0.002295   0.02576        16       448    0.9437    0.7746    0.8186    0.6074   0.02033   0.00613  0.008786
     98/99     2.75G   0.01671  0.007574  0.002266   0.02655        11       448    0.9122    0.7741    0.8239    0.6041    0.0192   0.00601  0.008868
     99/99     2.75G   0.01766  0.007551  0.002332   0.02754        12       448    0.9193    0.7424      0.82    0.5982   0.02041  0.006083  0.008865
